,temp,O2,NO3,sal,depth,chla,ssh,curr
temp,1,-0.26,-0.57,0.66,-0.44,0.67,-0.21,0.46
O2,-0.26,1,0.89,0.34,0.19,-0.39,-0.14,0.4
NO3,-0.57,0.89,1,-0.07,0.2,-0.53,-0.04,0.11
sal,0.66,0.34,-0.07,1,-0.08,0.36,-0.28,0.83
depth,-0.44,0.19,0.2,-0.08,1,-0.44,-0.09,-0.06
chla,0.67,-0.39,-0.53,0.36,-0.44,1,0.01,0.35
ssh,-0.21,-0.14,-0.04,-0.28,-0.09,0.01,1,-0.26
curr,0.46,0.4,0.11,0.83,-0.06,0.35,-0.26,1
